2206
2025
1830
2069
1275
2153
2111
1963
1295
2194
2188
1308
1739
2107
1435
2163
1962
1764
1983
1531
1474
1862
1569
1450
1899
1717
1672
2182
2086
1986
2168
1980
1628
1457
1291
1950
1455
2072
1853
1333
1825
1797
1330
1216
2065
2057
1405
1597
1723
1567
1404
982
1762
2036
1696
1753
1600
1392
2177
2142
1419
1995
1512
1272
2067
1509
1937
2099
1612
2196
1743
1771
1933
1440
1395
1428
1637
1361
1844
1854
2110
2122
2132
1270
2116
1388
1997
2090
1836
1952
2152
1695
1555
1663
1860
2058
1503
1740
2150
2200
2049
2082
1859
1738
1659
1964
1908
2096
744
2193
1310
1274
1266
1713
1698
1682
2157
1806
1968
2185
1915
1436
1705
1785
1931
1342
1208
1802
1901
1482
2093
2198
1577
1369
1827
1331
1972
1699
1822
1469
1623
1601
1765
1838
1495
1708
1815
2160
2169
1384
1252
2149
1989
1976
2130
2098
1505
2028
1334
1456
1954
1712
1907
1431
1760
2191
1769
900
1940
1559
1789
1518
2040
1513
1259
1846
1337
1502
1336
1779
1583
2008
1378
2195
1971
1835
1652
2021
2175
1896
1171
2189
1297
1919
2135
1795
1247
1557
1661
1821
